Picard 
n:     x:               residuum:        estymator: 
  1    2.4979174e-03    2.4979174e-03    1.9750208e-01  
  2    3.8997440e-07    3.8997440e-07    2.4975274e-03  
  3    9.5050018e-15    9.5050018e-15    3.8997439e-07  
  4    5.6465662e-30    5.6465662e-30    9.5050018e-15  
Metoda bisekcji 
n:     x:               residuum:        estymator: 
  1    5.0000000e-01    4.8445621e-01    9.5000000e+00  
  2  - 4.2500000e+00    5.0131332e+00    4.7500000e+00  
  3  - 1.8750000e+00    2.0790975e+00    2.3750000e+00  
  4  - 6.8750000e-01    7.1675127e-01    1.1875000e+00  
  5  - 9.3750000e-02    9.4299216e-02    5.9375000e-01  
  6    2.0312500e-01    2.0054848e-01    2.9687500e-01  
  7    5.4687500e-02    5.4500591e-02    1.4843750e-01  
  8  - 1.9531250e-02    1.9555092e-02    7.4218750e-02  
  9    1.7578125e-02    1.7558813e-02    3.7109375e-02  
 10  - 9.7656250e-04    9.7662210e-04    1.8554688e-02  
 11    8.3007812e-03    8.2964748e-03    9.2773438e-03  
 12    3.6621094e-03    3.6612712e-03    4.6386719e-03  
 13    1.3427734e-03    1.3426607e-03    2.3193359e-03  
 14    1.8310547e-04    1.8310337e-04    1.1596680e-03  
 15  - 3.9672852e-04    3.9673835e-04    5.7983398e-04  
 16  - 1.0681152e-04    1.0681224e-04    2.8991699e-04  
 17    3.8146973e-05    3.8146882e-05    1.4495850e-04  
 18  - 3.4332275e-05    3.4332349e-05    7.2479248e-05  
 19    1.9073486e-06    1.9073484e-06    3.6239624e-05  
 20  - 1.6212463e-05    1.6212480e-05    1.8119812e-05  
 21  - 7.1525574e-06    7.1525606e-06    9.0599060e-06  
 22  - 2.6226044e-06    2.6226048e-06    4.5299530e-06  
 23  - 3.5762787e-07    3.5762788e-07    2.2649765e-06  
 24    7.7486038e-07    7.7486034e-07    1.1324883e-06  
 25    2.0861626e-07    2.0861625e-07    5.6624413e-07  
 26  - 7.4505806e-08    7.4505806e-08    2.8312206e-07  
 27    6.7055225e-08    6.7055225e-08    1.4156103e-07  
 28  - 3.7252903e-09    3.7252903e-09    7.0780516e-08  
 29    3.1664968e-08    3.1664967e-08    3.5390258e-08  
 30    1.3969839e-08    1.3969839e-08    1.7695129e-08  
 31    5.1222742e-09    5.1222742e-09    8.8475645e-09  
 32    6.9849193e-10    6.9849193e-10    4.4237822e-09  
 33  - 1.5133992e-09    1.5133992e-09    2.2118911e-09  
 34  - 4.0745363e-10    4.0745363e-10    1.1059456e-09  
 35    1.4551915e-10    1.4551915e-10    5.5297278e-10  
 36  - 1.3096724e-10    1.3096724e-10    2.7648639e-10  
 37    7.2759576e-12    7.2759576e-12    1.3824319e-10  
 38  - 6.1845640e-11    6.1845640e-11    6.9121597e-11  
 39  - 2.7284841e-11    2.7284841e-11    3.4560799e-11  
 40  - 1.0004442e-11    1.0004442e-11    1.7280399e-11  
 41  - 1.3642421e-12    1.3642421e-12    8.6401997e-12  
 42    2.9558578e-12    2.9558578e-12    4.3200998e-12  
 43    7.9580786e-13    7.9580786e-13    2.1600499e-12  
 44  - 2.8421709e-13    2.8421709e-13    1.0800250e-12  
 45    2.5579538e-13    2.5579538e-13    5.4001248e-13  
 46  - 1.4210855e-14    1.4210855e-14    2.7000624e-13  
 47    1.2079227e-13    1.2079227e-13    1.3500312e-13  
 48    5.3290705e-14    5.3290705e-14    6.7501560e-14  
 49    1.9539925e-14    1.9539925e-14    3.3750780e-14  
 50    2.6645353e-15    2.6645353e-15    1.6875390e-14  
 51  - 5.7731597e-15    5.7731597e-15    8.4376950e-15  
 52  - 1.5543122e-15    1.5543122e-15    4.2188475e-15  
 53    5.5511151e-16    5.5511151e-16    2.1094237e-15  
 54  - 4.9960036e-16    4.9960036e-16    1.0547119e-15  
 55    2.7755576e-17    2.7755576e-17    5.2735594e-16  
Metoda Newtona 
n:     x:               residuum:        estymator: 
  1  - 2.5575866e-03    2.5579955e-03    2.0255759e-01  
  2  - 4.0869726e-07    4.0869727e-07    2.5571779e-03  
  3  - 1.0439590e-14    1.0439590e-14    4.0869725e-07  
  4  - 7.8886091e-30    7.8886091e-30    1.0439590e-14  
Metoda siecznych
n:     x:               residuum:        estymator: 
  1  - 2.6054086e-02    2.6096512e-02    2.2605409e-01  
  2    3.2900935e-04    3.2900258e-04    2.6383096e-02  
  3    5.3488490e-07    5.3488488e-07    3.2847446e-04  
  4  - 1.0999110e-11    1.0999110e-11    5.3489590e-07  
  5    3.6770362e-19    3.6770362e-19    1.0999110e-11  
Metoda bisekcji 
n:     x:               residuum:        estymator: 
  1    2.2050000e+00    5.8264023e-04    2.5000000e-02  
  2    2.1925000e+00    2.4794695e-01    1.2500000e-02  
  3    2.1987500e+00    1.2869102e-01    6.2500000e-03  
  4    2.2018750e+00    6.5382545e-02    3.1250000e-03  
  5    2.2034375e+00    3.2742241e-02    1.5625000e-03  
  6    2.2042187e+00    1.6166693e-02    7.8125000e-04  
  7    2.2046094e+00    7.8139178e-03    3.9062500e-04  
  8    2.2048047e+00    3.6211328e-03    1.9531250e-04  
  9    2.2049023e+00    1.5206225e-03    9.7656250e-05  
 10    2.2049512e+00    4.6933549e-04    4.8828125e-05  
 11    2.2049756e+00    5.6566238e-05    2.4414063e-05  
 12    2.2049634e+00    2.0640615e-04    1.2207031e-05  
 13    2.2049695e+00    7.4925340e-05    6.1035156e-06  
 14    2.2049725e+00    9.1808970e-06    3.0517578e-06  
 15    2.2049741e+00    2.3692334e-05    1.5258789e-06  
 16    2.2049733e+00    7.2556344e-06    7.6293945e-07  
 17    2.2049729e+00    9.6265231e-07    3.8146973e-07  
 18    2.2049731e+00    3.1464858e-06    1.9073486e-07  
 19    2.2049730e+00    1.0919154e-06    9.5367432e-08  
 20    2.2049730e+00    6.4631237e-08    4.7683716e-08  
 21    2.2049729e+00    4.4901062e-07    2.3841858e-08  
 22    2.2049730e+00    1.9218971e-07    1.1920929e-08  
 23    2.2049730e+00    6.3779244e-08    5.9604646e-09  
 24    2.2049730e+00    4.2600012e-10    2.9802323e-09  
 25    2.2049730e+00    3.1676627e-08    1.4901163e-09  
 26    2.2049730e+00    1.5625313e-08    7.4505824e-10  
 27    2.2049730e+00    7.5996565e-09    3.7252912e-10  
 28    2.2049730e+00    3.5868233e-09    1.8626456e-10  
 29    2.2049730e+00    1.5804118e-09    9.3132169e-11  
 30    2.2049730e+00    5.7721072e-10    4.6566084e-11  
 31    2.2049730e+00    7.5605300e-11    2.3283153e-11  
 32    2.2049730e+00    1.7520208e-10    1.1641577e-11  
 33    2.2049730e+00    4.9793947e-11    5.8208993e-12  
 34    2.2049730e+00    1.2910562e-11    2.9103386e-12  
 35    2.2049730e+00    1.8441693e-11    1.4552803e-12  
 36    2.2049730e+00    2.7609026e-12    7.2764017e-13  
 37    2.2049730e+00    5.0750515e-12    3.6370906e-13  
 38    2.2049730e+00    1.1617374e-12    1.8185453e-13  
 39    2.2049730e+00    7.9936058e-13    9.1038288e-14  
 40    2.2049730e+00    1.8607338e-13    4.5519144e-14  
 41    2.2049730e+00    3.1130654e-13    2.2870594e-14  
 42    2.2049730e+00    6.2616579e-14    1.1546319e-14  
 43    2.2049730e+00    6.1728400e-14    5.7731597e-15  
 44    2.2049730e+00    5.3290705e-15    2.8865799e-15  
 45    2.2049730e+00    3.2862602e-14    1.5543122e-15  
 46    2.2049730e+00    1.3766766e-14    8.8817842e-16  
 47    2.2049730e+00    3.9968029e-15    4.4408921e-16  
 48    2.2049730e+00    5.3290705e-15    2.2204460e-16  
 49    2.2049730e+00    5.3290705e-15    2.2204460e-16  
 50    2.2049730e+00    5.3290705e-15    2.2204460e-16  
 51    2.2049730e+00    5.3290705e-15    2.2204460e-16  
 52    2.2049730e+00    5.3290705e-15    2.2204460e-16  
 53    2.2049730e+00    5.3290705e-15    2.2204460e-16  
 54    2.2049730e+00    5.3290705e-15    2.2204460e-16  
 55    2.2049730e+00    5.3290705e-15    2.2204460e-16  
 56    2.2049730e+00    5.3290705e-15    2.2204460e-16  
 57    2.2049730e+00    5.3290705e-15    2.2204460e-16  
 58    2.2049730e+00    5.3290705e-15    2.2204460e-16  
 59    2.2049730e+00    5.3290705e-15    2.2204460e-16  
 60    2.2049730e+00    5.3290705e-15    2.2204460e-16  
 61    2.2049730e+00    5.3290705e-15    2.2204460e-16  
 62    2.2049730e+00    5.3290705e-15    2.2204460e-16  
 63    2.2049730e+00    5.3290705e-15    2.2204460e-16  
 64    2.2049730e+00    5.3290705e-15    2.2204460e-16  
 65    2.2049730e+00    5.3290705e-15    2.2204460e-16  
 66    2.2049730e+00    5.3290705e-15    2.2204460e-16  
 67    2.2049730e+00    5.3290705e-15    2.2204460e-16  
 68    2.2049730e+00    5.3290705e-15    2.2204460e-16  
 69    2.2049730e+00    5.3290705e-15    2.2204460e-16  
 70    2.2049730e+00    5.3290705e-15    2.2204460e-16  
 71    2.2049730e+00    5.3290705e-15    2.2204460e-16  
 72    2.2049730e+00    5.3290705e-15    2.2204460e-16  
 73    2.2049730e+00    5.3290705e-15    2.2204460e-16  
 74    2.2049730e+00    5.3290705e-15    2.2204460e-16  
 75    2.2049730e+00    5.3290705e-15    2.2204460e-16  
 76    2.2049730e+00    5.3290705e-15    2.2204460e-16  
 77    2.2049730e+00    5.3290705e-15    2.2204460e-16  
 78    2.2049730e+00    5.3290705e-15    2.2204460e-16  
 79    2.2049730e+00    5.3290705e-15    2.2204460e-16  
 80    2.2049730e+00    5.3290705e-15    2.2204460e-16  
 81    2.2049730e+00    5.3290705e-15    2.2204460e-16  
 82    2.2049730e+00    5.3290705e-15    2.2204460e-16  
 83    2.2049730e+00    5.3290705e-15    2.2204460e-16  
 84    2.2049730e+00    5.3290705e-15    2.2204460e-16  
 85    2.2049730e+00    5.3290705e-15    2.2204460e-16  
 86    2.2049730e+00    5.3290705e-15    2.2204460e-16  
 87    2.2049730e+00    5.3290705e-15    2.2204460e-16  
 88    2.2049730e+00    5.3290705e-15    2.2204460e-16  
 89    2.2049730e+00    5.3290705e-15    2.2204460e-16  
 90    2.2049730e+00    5.3290705e-15    2.2204460e-16  
 91    2.2049730e+00    5.3290705e-15    2.2204460e-16  
 92    2.2049730e+00    5.3290705e-15    2.2204460e-16  
 93    2.2049730e+00    5.3290705e-15    2.2204460e-16  
 94    2.2049730e+00    5.3290705e-15    2.2204460e-16  
 95    2.2049730e+00    5.3290705e-15    2.2204460e-16  
 96    2.2049730e+00    5.3290705e-15    2.2204460e-16  
 97    2.2049730e+00    5.3290705e-15    2.2204460e-16  
 98    2.2049730e+00    5.3290705e-15    2.2204460e-16  
 99    2.2049730e+00    5.3290705e-15    2.2204460e-16  
100    2.2049730e+00    5.3290705e-15    2.2204460e-16  
Metoda Newtona 
n:     x:               residuum:        estymator: 
  1    2.2184767e+00    3.1985602e-01    3.1523327e-02  
  2    2.2061932e+00    2.6505963e-02    1.2283448e-02  
  3    2.2049829e+00    2.1514081e-04    1.2102799e-03  
  4    2.2049730e+00    1.4408724e-08    9.9849124e-06  
  5    2.2049730e+00    3.9968029e-15    6.6881389e-10  
  6    2.2049730e+00    3.9968029e-15    0.0000000e+00  
Metoda siecznych
n:     x:               residuum:        estymator: 
  1    2.2422675e+00    1.0702911e+00    7.7325389e-03  
  2    2.2161634e+00    2.6062534e-01    2.6104101e-02  
  3    2.2077606e+00    6.1201146e-02    8.4027140e-03  
  4    2.2051819e+00    4.5085836e-03    2.5787028e-03  
  5    2.2049769e+00    8.4164487e-05    2.0507623e-04  
  6    2.2049730e+00    1.1797204e-07    3.9011078e-06  
  7    2.2049730e+00    3.0957459e-12    5.4757967e-09  
  8    2.2049730e+00    3.9968029e-15    1.4388490e-13  
  9    2.2049730e+00    3.9968029e-15    0.0000000e+00  
