  1    8.2682181e-01    8.8268218e+00    8.8268218e+00  
  2    4.2122064e-02    7.8469975e-01    7.8469975e-01  
  3    1.1088767e-04    4.2011176e-02    4.2011176e-02  
  4    7.6850469e-10    1.1088690e-04    1.1088690e-04  
  5    3.6912466e-20    7.6850469e-10    7.6850469e-10  
  6    8.5158136e-41    3.6912466e-20    3.6912466e-20  
residuum break
       i          Kolejne przyblizenie               Estymator bledu                      Residuum                                                            
--------------------------------------------------------------------------------------------------------------------------------------------------------------

  1    1.0000000e+00    3.0000000e+00    9.3879128e-01  
  2  - 5.0000000e-01    1.5000000e+00    5.1554379e-01  
  3    2.5000000e-01    7.5000000e-01    2.4609883e-01  
  4  - 1.2500000e-01    3.7500000e-01    1.2597624e-01  
  5    6.2500000e-02    1.8750000e-01    6.2255879e-02  
  6  - 3.1250000e-02    9.3750000e-02    3.1311034e-02  
  7    1.5625000e-02    4.6875000e-02    1.5609741e-02  
  8  - 7.8125000e-03    2.3437500e-02    7.8163147e-03  
  9    3.9062500e-03    1.1718750e-02    3.9052963e-03  
 10  - 1.9531250e-03    5.8593750e-03    1.9533634e-03  
 11    9.7656250e-04    2.9296875e-03    9.7650290e-04  
 12  - 4.8828125e-04    1.4648438e-03    4.8829615e-04  
 13    2.4414062e-04    7.3242188e-04    2.4413690e-04  
 14  - 1.2207031e-04    3.6621094e-04    1.2207124e-04  
 15    6.1035156e-05    1.8310547e-04    6.1034923e-05  
 16  - 3.0517578e-05    9.1552734e-05    3.0517636e-05  
 17    1.5258789e-05    4.5776367e-05    1.5258775e-05  
 18  - 7.6293945e-06    2.2888184e-05    7.6293982e-06  
 19    3.8146973e-06    1.1444092e-05    3.8146964e-06  
 20  - 1.9073486e-06    5.7220459e-06    1.9073489e-06  
 21    9.5367432e-07    2.8610229e-06    9.5367426e-07  
 22  - 4.7683716e-07    1.4305115e-06    4.7683717e-07  
 23    2.3841858e-07    7.1525574e-07    2.3841858e-07  
 24  - 1.1920929e-07    3.5762787e-07    1.1920929e-07  
 25    5.9604645e-08    1.7881393e-07    5.9604645e-08  
 26  - 2.9802322e-08    8.9406967e-08    2.9802322e-08  
 27    1.4901161e-08    4.4703484e-08    1.4901161e-08  
 28  - 7.4505806e-09    2.2351742e-08    7.4505806e-09  
 29    3.7252903e-09    1.1175871e-08    3.7252903e-09  
 30  - 1.8626451e-09    5.5879354e-09    1.8626451e-09  
 31    9.3132257e-10    2.7939677e-09    9.3132257e-10  
 32  - 4.6566129e-10    1.3969839e-09    4.6566129e-10  
 33    2.3283064e-10    6.9849193e-10    2.3283064e-10  
 34  - 1.1641532e-10    3.4924597e-10    1.1641532e-10  
 35    5.8207661e-11    1.7462298e-10    5.8207661e-11  
 36  - 2.9103830e-11    8.7311491e-11    2.9103830e-11  
 37    1.4551915e-11    4.3655746e-11    1.4551915e-11  
 38  - 7.2759576e-12    2.1827873e-11    7.2759576e-12  
 39    3.6379788e-12    1.0913936e-11    3.6379788e-12  
 40  - 1.8189894e-12    5.4569682e-12    1.8189894e-12  
 41    9.0949470e-13    2.7284841e-12    9.0949470e-13  
 42  - 4.5474735e-13    1.3642421e-12    4.5474735e-13  
 43    2.2737368e-13    6.8212103e-13    2.2737368e-13  
 44  - 1.1368684e-13    3.4106051e-13    1.1368684e-13  
 45    5.6843419e-14    1.7053026e-13    5.6843419e-14  
 46  - 2.8421709e-14    8.5265128e-14    2.8421709e-14  
 47    1.4210855e-14    4.2632564e-14    1.4210855e-14  
 48  - 7.1054274e-15    2.1316282e-14    7.1054274e-15  
 49    3.5527137e-15    1.0658141e-14    3.5527137e-15  
 50  - 1.7763568e-15    5.3290705e-15    1.7763568e-15  
 51    8.8817842e-16    2.6645353e-15    8.8817842e-16  
 52  - 4.4408921e-16    1.3322676e-15    4.4408921e-16  
 53    2.2204460e-16    6.6613381e-16    2.2204460e-16  
 54  - 1.1102230e-16    3.3306691e-16    1.1102230e-16  
 55    5.5511151e-17    1.6653345e-16    5.5511151e-17  
residuum break
  1              inf              inf              nan  
blad, pochodna rowna zeru
  1  - 8.0702936e-01    1.7995535e+00    2.0295558e-01  
  2  - 8.8783831e-01    1.8019174e-01    2.0280407e-02  
  3  - 9.8640520e-01    2.0004699e-02    2.5007130e-04  
  4  - 9.9872010e-01    2.4975124e-04    3.1615814e-07  
  5  - 9.9998435e-01    3.1615319e-07    4.9412252e-12  
  6  - 9.9999998e-01    4.9412251e-12    9.7638032e-20  
residuum break
  1  - 7.1444964e-01    7.2855504e+00    6.6993678e+00  
  2    1.3907405e-01    8.5352369e-01    7.2855504e+00  
  3    4.2516140e-01    2.8608734e-01    8.5352369e-01  
  4    4.7947357e-01    5.4312176e-02    2.8608734e-01  
  5    4.8820879e-01    8.7352178e-03    5.4312176e-02  
  6    4.8957291e-01    1.3641217e-03    8.7352178e-03  
  7    4.8978494e-01    2.1203115e-04    1.3641217e-03  
  8    4.8981788e-01    3.2932853e-05    2.1203115e-04  
  9    4.8982299e-01    5.1145781e-06    3.2932853e-05  
 10    4.8982378e-01    7.9429647e-07    5.1145781e-06  
 11    4.8982391e-01    1.2335429e-07    7.9429647e-07  
 12    4.8982393e-01    1.9156921e-08    1.2335429e-07  
 13    4.8982393e-01    2.9750696e-09    1.9156921e-08  
 14    4.8982393e-01    4.6202825e-10    2.9750695e-09  
 15    4.8982393e-01    7.1752992e-11    4.6202819e-10  
 16    4.8982393e-01    1.1143253e-11    7.1753048e-11  
 17    4.8982393e-01    1.7305046e-12    1.1142975e-11  
 18    4.8982393e-01    2.6878499e-13    1.7306157e-12  
 19    4.8982393e-01    4.1688875e-14    2.6856295e-13  
 20    4.8982393e-01    6.4948047e-15    4.1744386e-14  
 21    4.8982393e-01    1.0547119e-15    6.5503158e-15  
 22    4.8982393e-01    1.1102230e-16    6.6613381e-16  
 23    4.8982393e-01    5.5511151e-17    2.2204460e-16  
estymator break
       i          Kolejne przyblizenie               Estymator bledu                      Residuum                                                            
--------------------------------------------------------------------------------------------------------------------------------------------------------------

  1    3.0000000e-01    3.0000000e-01    6.1586319e-01  
  2    4.5000000e-01    1.5000000e-01    1.8984178e-01  
  3    5.2500000e-01    7.5000000e-02    2.1831531e-01  
  4    4.8750000e-01    3.7500000e-02    1.2537406e-02  
  5    5.0625000e-01    1.8750000e-02    9.4829162e-02  
  6    4.9687500e-01    9.3750000e-03    3.9329345e-02  
  7    4.9218750e-01    4.6875000e-03    1.2963872e-02  
  8    4.8984375e-01    2.3437500e-03    1.0781117e-04  
  9    4.8867187e-01    1.1718750e-03    6.2408364e-03  
 10    4.8925781e-01    5.8593750e-04    3.0730616e-03  
 11    4.8955078e-01    2.9296875e-04    1.4842674e-03  
 12    4.8969727e-01    1.4648437e-04    6.8863927e-04  
 13    4.8977051e-01    7.3242187e-05    2.9051692e-04  
 14    4.8980713e-01    3.6621094e-05    9.1378599e-05  
 15    4.8982544e-01    1.8310547e-05    8.2098524e-06  
 16    4.8981628e-01    9.1552734e-06    4.1585982e-05  
 17    4.8982086e-01    4.5776367e-06    1.6688467e-05  
 18    4.8982315e-01    2.2888184e-06    4.2394076e-06  
 19    4.8982430e-01    1.1444092e-06    1.9851972e-06  
 20    4.8982372e-01    5.7220459e-07    1.1271115e-06  
 21    4.8982401e-01    2.8610229e-07    4.2904130e-07  
 22    4.8982387e-01    1.4305115e-07    3.4903549e-07  
 23    4.8982394e-01    7.1525574e-08    4.0002809e-08  
 24    4.8982390e-01    3.5762787e-08    1.5451636e-07  
 25    4.8982392e-01    1.7881393e-08    5.7256784e-08  
 26    4.8982393e-01    8.9406967e-09    8.6269891e-09  
 27    4.8982393e-01    4.4703484e-09    1.5687909e-08  
 28    4.8982393e-01    2.2351742e-09    3.5304599e-09  
 29    4.8982393e-01    1.1175871e-09    2.5482647e-09  
 30    4.8982393e-01    5.5879357e-10    4.9109738e-10  
 31    4.8982393e-01    2.7939673e-10    1.0285834e-09  
 32    4.8982393e-01    1.3969836e-10    2.6874314e-10  
 33    4.8982393e-01    6.9849182e-11    1.1117729e-10  
 34    4.8982393e-01    3.4924563e-11    7.8782758e-11  
 35    4.8982393e-01    1.7462309e-11    1.6197044e-11  
 36    4.8982393e-01    8.7311269e-12    3.1292857e-11  
 37    4.8982393e-01    4.3655635e-12    7.5479623e-12  
 38    4.8982393e-01    2.1828095e-12    4.3245407e-12  
 39    4.8982393e-01    1.0913492e-12    1.6117108e-12  
 40    4.8982393e-01    5.4567462e-13    1.3562484e-12  
 41    4.8982393e-01    2.7283731e-13    1.2767565e-13  
 42    4.8982393e-01    1.3644641e-13    6.1417538e-13  
 43    4.8982393e-01    6.8167694e-14    2.4336089e-13  
 44    4.8982393e-01    3.4083847e-14    5.7953642e-14  
 45    4.8982393e-01    1.7097435e-14    3.4861003e-14  
 46    4.8982393e-01    8.5487173e-15    1.1546319e-14  
 47    4.8982393e-01    4.2743586e-15    1.1546319e-14  
  1              inf              inf              nan  
blad, pochodna rowna zeru
  1  - 1.5752164e+00    5.2795571e+00    6.5384093e-01  
  2  - 1.3180835e+00    8.6181692e-01    2.7421778e+00  
  3    4.1268098e-01    2.6982772e-01    4.0940899e-01  
  4    2.5377638e-01    1.0389833e-01    2.0842823e-01  
  5    1.6816457e-01    3.5050244e-02    4.8910896e-02  
  6    2.1972687e-01    1.0747038e-02    7.9811488e-03  
  7    1.8890230e-01    1.5076574e-03    2.6027479e-04  
  8    1.8293652e-01    4.7613764e-05    1.3402885e-06  
  9    1.8388343e-01    2.4645685e-07    2.2627544e-10  
 10    1.8385239e-01    4.1601278e-11    2.2204460e-16  
 11    1.8385220e-01    5.5511151e-17    0.0000000e+00  
residuum break
